[[221 230 234]
 [ 95  93  89]
 [227 222 158]
 [ 46  43  37]
 [149 146  53]
 [ 94  84  51]
 [211 208 115]
 [113 142 147]
 [181 205 219]
 [ 74  58  52]
 [165 153 100]
 [ 57  87  87]
 [201 199  61]
 [139  60  67]
 [205 122  99]
 [166 183 206]
 [122 131  52]
 [ 58  70  46]
 [ 60  60  67]
 [196 177  59]
 [207 176 152]
 [130  59  55]
 [137 103  54]
 [124 192 126]
 [106 121 134]
 [202 185 199]
 [184 196 113]
 [ 71  61  65]
 [197 123 131]
 [177 199 172]
 [200 165 108]
 [126 167 192]
 [142 113  96]
 [111 134 114]
 [136 123 133]
 [156 160 156]]
[[221 230 234]
 [ 95  93  89]
 [227 222 158]
 [ 46  43  37]
 [149 146  53]
 [ 94  84  51]
 [211 208 115]
 [113 142 147]
 [181 205 219]
 [ 74  58  52]
 [165 153 100]
 [ 57  87  87]
 [201 199  61]
 [139  60  67]
 [205 122  99]
 [166 183 206]
 [122 131  52]
 [ 58  70  46]
 [ 60  60  67]
 [196 177  59]
 [207 176 152]
 [130  59  55]
 [137 103  54]
 [124 192 126]
 [106 121 134]
 [202 185 199]
 [184 196 113]
 [ 71  61  65]
 [197 123 131]
 [177 199 172]
 [200 165 108]
 [126 167 192]
 [142 113  96]
 [111 134 114]
 [136 123 133]
 [156 160 156]]
[[202 222 247]
 [102  87  18]
 [218 160  23]
 [ 41  33   5]
 [165 143  91]
 [ 95 120 138]
 [168 142  27]
 [180 206 241]
 [ 78  54   5]
 [107 104  90]
 [242 199  31]
 [217  36  41]
 [209 162  84]
 [ 51  55  70]
 [200 120  14]
 [151 153 152]
 [137  57   9]
 [220  48  68]
 [ 61  66  20]
 [237 200  82]
 [ 58 103 138]
 [159  56  71]
 [ 90 195 143]
 [149 111  21]
 [ 35 130 148]
 [253 122 130]
 [ 69 124 204]
 [214 198 177]
 [ 71  59  69]
 [124 130  27]
 [ 90 201 215]
 [147 118  83]
 [ 57 139 104]
 [199 120  75]
 [158 180 209]
 [ 57  74  85]
 [190 193  61]
 [ 61 156 194]
 [203 179 156]
 [121 160 198]
 [114 135 150]
 [120 131 117]
 [197 189 195]
 [135 124 132]
 [183 195 183]]
