[1.25830e+04 4.20000e+02 1.42500e+03 3.77800e+03 8.62900e+03 1.05000e+03
 1.98180e+04 1.29661e+05 4.08600e+03 3.21000e+02 6.10300e+03 2.19340e+04
 8.00000e+00 2.00000e+00 6.00000e+00 4.00000e+00 1.69700e+03 3.03310e+04
 2.04100e+03 3.42200e+03 4.18260e+04 5.27890e+04 7.27400e+03 1.92900e+03
 3.79600e+03 1.64380e+04 1.97000e+02 7.00000e+00 6.00000e+00 5.55800e+03
 1.40440e+04 1.07400e+03 4.00000e+00 2.28110e+04 6.08480e+04 1.64080e+05]
[1.25830e+04 4.20000e+02 1.42500e+03 3.77800e+03 8.62900e+03 1.05000e+03
 1.98180e+04 1.29661e+05 4.08600e+03 3.21000e+02 6.10300e+03 2.19340e+04
 8.00000e+00 2.00000e+00 6.00000e+00 4.00000e+00 1.69700e+03 3.03310e+04
 2.04100e+03 3.42200e+03 4.18260e+04 5.27890e+04 7.27400e+03 1.92900e+03
 3.79600e+03 1.64380e+04 1.97000e+02 7.00000e+00 6.00000e+00 5.55800e+03
 1.40440e+04 1.07400e+03 4.00000e+00 2.28110e+04 6.08480e+04 1.64080e+05]
[1.07712e+05 2.44000e+02 4.01400e+03 2.76000e+02 1.45000e+02 3.00000e+00
 4.00000e+00 3.00000e+00 5.08560e+04 7.00000e+01 3.08529e+05 5.86040e+04
 2.29280e+04 1.00000e+00 4.69000e+02 3.83400e+03 2.99150e+04 2.62000e+02
 5.00000e+00 9.00000e+00 4.43000e+02 9.00000e+00 2.20749e+05 6.80570e+04
 6.09000e+02 2.09219e+05 1.67288e+05 7.76810e+04 1.99890e+04 1.00000e+00
 1.19000e+02 2.92105e+05 2.40000e+01 5.00000e+00 7.56900e+03 4.69000e+02
 5.00000e+00 1.82964e+05 4.98550e+04 6.27000e+03 8.00000e+01 1.00570e+04
 2.69800e+03 2.94400e+03 3.96908e+05]
